4.744436184123728695e-01 1.890536918058633928e-02 -2.984631257126519006e-18 -2.363354508517667707e-01
-3.069497880740152951e-01 -3.159711861288881929e-01 5.270462766947346944e-01 -1.115061143353364703e-01
-2.892070754967875600e-03 -1.233295004195044710e-02 -1.363249575236082402e-17 5.343953960936762559e-01
-3.069497880740148510e-01 -3.159711861289045687e-01 -5.270462766947252575e-01 -1.115061143353367201e-01
-3.460610109957694691e-01 6.092682590560674072e-01 -9.484983150946355386e-15 -9.811470471394856396e-02
4.884090394863945805e-01 1.610169406308943965e-02 -1.177638090388439538e-16 2.306698814271233161e-02
-8.601412528627452869e-02 -8.897135567514471641e-03 9.762933034952829825e-17 5.304803848794605037e-02
-8.601412528627459808e-02 -8.897135567513028351e-03 8.375154254171384149e-17 5.304803848794616139e-02
-8.643045498833241969e-02 -1.129427118684110491e-02 8.722098949366745568e-17 2.107738855431152969e-01
-8.663861983936138600e-02 -1.249283899650406073e-02 9.069043644562106987e-17 2.896368090706998855e-01
-3.307428594511566122e-01 -3.490406992662668517e-01 5.838051064926291778e-01 -1.292273307932284010e-01
-8.726311439244839596e-02 -1.608854242549313807e-02 5.946541387803854217e-17 5.262255796534541785e-01
